Problem 1: Cholesky Decomposition Solution
x1 = 1.000000
x2 = 1.000000
x3 = 1.000000
x4 = 1.000000
x5 = 1.000000
x6 = 1.000000

Problem 1: Gauss-Seidel Iteration Results
(k)     x1(k)     x2(k)     x3(k)     x4(k)     x5(k)     x6(k)
0     0.000000   0.000000   0.000000   0.000000   0.000000   0.000000
1     0.500000   0.375000   0.593750   0.625000   0.500000   0.773438
2     0.750000   0.710938   0.871094   0.812500   0.824219   0.923828
3     0.880859   0.894043   0.954468   0.926270   0.936035   0.972626
4     0.955078   0.961395   0.983505   0.972778   0.976700   0.990051
5     0.983543   0.985937   0.993997   0.990061   0.991512   0.996377
6     0.993999   0.994877   0.997814   0.996378   0.996908   0.998680
7     0.997814   0.998134   0.999204   0.998680   0.998874   0.999519
8     0.999204   0.999320   0.999710   0.999519   0.999590   0.999825
9     0.999710   0.999752   0.999894   0.999825   0.999851   0.999936
10    0.999894   0.999910   0.999962   0.999936   0.999946   0.999977
11    0.999962   0.999967   0.999986   0.999977   0.999980   0.999992
12    0.999986   0.999988   0.999995   0.999992   0.999993   0.999997
13    0.999995   0.999996   0.999998   0.999997   0.999997   0.999999
14    0.999998   0.999998   0.999999   0.999999   0.999999   1.000000
15    0.999999   0.999999   1.000000   1.000000   1.000000   1.000000
16    1.000000   1.000000   1.000000   1.000000   1.000000   1.000000

Problem 1: Gauss-Seidel Final Solution
x1 = 1.000000
x2 = 1.000000
x3 = 1.000000
x4 = 1.000000
x5 = 1.000000
x6 = 1.000000

Problem 2: Jacobi Iteration Results
(k)     x1(k)     x2(k)     x3(k)     x4(k)     x5(k)
0     0.000000   0.000000   0.000000   0.000000   0.000000
1     4.636364   3.750000   2.142857   2.000000   7.076923
2     2.145105   0.909341  -1.201299  -1.419381   4.294955
3     3.736495   3.276911   1.166484   1.192982   6.817117
4     2.394732   1.462479  -0.565184  -0.642903   4.876694
5     3.409280   2.813418   0.790536   0.780511   6.337849
6     2.645776   1.770270  -0.233598  -0.313711   5.229406
7     3.231281   2.559448   0.547978   0.512188   6.079372
8     2.786430   1.956168  -0.046418  -0.119641   5.435051
9     3.125549   2.414446   0.406859   0.360490   5.927049
10    2.867461   2.064808   0.061996  -0.005668   5.552949
11    3.064122   2.330765   0.324810   0.272922   5.838157
12    2.914406   2.128056   0.124740   0.060611   5.621104
13    3.028456   2.282354   0.277151   0.222231   5.786487
14    2.941612   2.164803   0.161099   0.099109   5.660575
15    3.007758   2.254307   0.249493   0.192858   5.756488
16    2.957386   2.186132   0.182179   0.121451   5.683453
17    2.995750   2.238047   0.233447   0.175829   5.739080
18    2.966534   2.198507   0.194404   0.134413   5.696718
19    2.988785   2.228619   0.224139   0.165953   5.728981
20    2.971839   2.205685   0.201494   0.141932   5.704411
21    2.984745   2.223150   0.218740   0.160226   5.723123
22    2.974916   2.209849   0.205606   0.146294   5.708872
23    2.982401   2.219979   0.215609   0.156904   5.719726
24    2.976701   2.212264   0.207991   0.148823   5.711460
25    2.981042   2.218140   0.213792   0.154978   5.717755
26    2.977736   2.213665   0.209374   0.150291   5.712961
27    2.980254   2.217073   0.212739   0.153860   5.716612
28    2.978336   2.214478   0.210176   0.151142   5.713831
29    2.979797   2.216454   0.212128   0.153212   5.715949
30    2.978684   2.214949   0.210641   0.151635   5.714336
31    2.979531   2.216095   0.211773   0.152836   5.715565
32    2.978886   2.215222   0.210911   0.151922   5.714629
33    2.979378   2.215887   0.211568   0.152618   5.715342
34    2.979003   2.215381   0.211068   0.152088   5.714799
35    2.979288   2.215766   0.211449   0.152492   5.715212
36    2.979071   2.215473   0.211159   0.152184   5.714898
37    2.979237   2.215696   0.211380   0.152418   5.715137
38    2.979111   2.215526   0.211211   0.152240   5.714955
39    2.979207   2.215656   0.211339   0.152376   5.715094
40    2.979134   2.215557   0.211242   0.152272   5.714988
41    2.979189   2.215632   0.211316   0.152351   5.715068
42    2.979147   2.215575   0.211260   0.152291   5.715007
43    2.979179   2.215618   0.211303   0.152337   5.715054
44    2.979155   2.215585   0.211270   0.152302   5.715018
45    2.979173   2.215611   0.211295   0.152328   5.715045
46    2.979159   2.215591   0.211276   0.152308   5.715025
47    2.979170   2.215606   0.211290   0.152324   5.715040
48    2.979162   2.215595   0.211279   0.152312   5.715028
49    2.979168   2.215603   0.211288   0.152321   5.715038
50    2.979163   2.215597   0.211281   0.152314   5.715031
51    2.979167   2.215602   0.211286   0.152319   5.715036
52    2.979164   2.215598   0.211282   0.152315   5.715032
53    2.979166   2.215601   0.211285   0.152318   5.715035
54    2.979164   2.215599   0.211283   0.152316   5.715033
55    2.979166   2.215600   0.211285   0.152318   5.715034
56    2.979165   2.215599   0.211284   0.152316   5.715033
57    2.979166   2.215600   0.211284   0.152317   5.715034
58    2.979165   2.215599   0.211284   0.152317   5.715033

Problem 2: Jacobi Final Solution
x1 = 2.979165
x2 = 2.215599
x3 = 0.211284
x4 = 0.152317
x5 = 5.715033

Problem 2: Gauss-Seidel Iteration Results
(k)     x1(k)     x2(k)     x3(k)     x4(k)     x5(k)
0     0.000000   0.000000   0.000000   0.000000   0.000000
1     4.636364   3.750000  -0.915584   0.511688   4.873676
2     2.680996   2.989373   0.066654   0.413572   5.414136
3     2.799094   2.363139   0.208981   0.255356   5.662390
4     2.939132   2.229912   0.209632   0.174256   5.710752
5     2.974046   2.217496   0.209802   0.155386   5.714498
6     2.978466   2.216474   0.210895   0.152806   5.714722
7     2.978939   2.215872   0.211233   0.152459   5.714935
8     2.979096   2.215650   0.211279   0.152356   5.715016
9     2.979151   2.215606   0.211282   0.152325   5.715031
10    2.979163   2.215601   0.211283   0.152318   5.715033
11    2.979165   2.215600   0.211284   0.152317   5.715033
12    2.979165   2.215600   0.211284   0.152317   5.715034

Problem 2: Gauss-Seidel Final Solution
x1 = 2.979165
x2 = 2.215600
x3 = 0.211284
x4 = 0.152317
x5 = 5.715034

