
--- Simpson Steps (x^2/(1+x^4) from -1 to 1), N=16 ---
i	X_i	Coef	f(X_i)
0	-1.00000000	1	0.50000000
1	-0.87500000	4	0.48268432
2	-0.75000000	2	0.42729970
3	-0.62500000	4	0.33891125
4	-0.50000000	2	0.23529412
5	-0.37500000	4	0.13789801
6	-0.25000000	2	0.06225681
7	-0.12500000	4	0.01562119
8	0.00000000	2	0.00000000
9	0.12500000	4	0.01562119
10	0.25000000	2	0.06225681
11	0.37500000	4	0.13789801
12	0.50000000	2	0.23529412
13	0.62500000	4	0.33891125
14	0.75000000	2	0.42729970
15	0.87500000	4	0.48268432
16	1.00000000	1	0.50000000

--- Gaussian Quadrature Steps (x^2/(1+x^4) from -1 to 1) ---
i	Root	Weight
1	0.095012510	0.189450610
2	0.281603551	0.182603415
3	0.458016778	0.169156519
4	0.617876244	0.149595989
5	0.755404408	0.124628971
6	0.865631202	0.095158512
7	0.944575023	0.062253524
8	0.989400935	0.027152459

--- Simpson Steps (sqrt(1+x^4) from 0 to 1), N=16 ---
i	X_i	Coef	f(X_i)
0	0.00000000	1	1.00000000
1	0.06250000	4	1.00000763
2	0.12500000	2	1.00012206
3	0.18750000	4	1.00061779
4	0.25000000	2	1.00195122
5	0.31250000	4	1.00475706
6	0.37500000	2	1.00983929
7	0.43750000	4	1.01815340
8	0.50000000	2	1.03077641
9	0.56250000	4	1.04886268
10	0.62500000	2	1.07358646
11	0.68750000	4	1.10607592
12	0.75000000	2	1.14734748
13	0.81250000	4	1.19825134
14	0.87500000	2	1.25943703
15	0.93750000	4	1.33134376
16	1.00000000	1	1.41421356

--- Gaussian Quadrature Steps (sqrt(1+x^4) from 0 to 1) ---
i	Root	Weight
1	0.095012510	0.189450610
2	0.281603551	0.182603415
3	0.458016778	0.169156519
4	0.617876244	0.149595989
5	0.755404408	0.124628971
6	0.865631202	0.095158512
7	0.944575023	0.062253524
8	0.989400935	0.027152459
