Table 1: RK4 and RKF45 Approximation Results
Iter    Time      RK4            RKF45          Analytical     
1       0.00      0.000000       0.000000       0.000000       
2       0.05      0.000207       0.000517       0.000207       
3       0.10      0.001640       0.000517       0.001639       
4       0.15      0.005472       0.007802       0.005472       
5       0.20      0.012800       0.007802       0.012800       
6       0.25      0.024623       0.031937       0.024622       
7       0.30      0.041821       0.031937       0.041821       
8       0.35      0.065144       0.077264       0.065143       
9       0.40      0.095189       0.077264       0.095189       
10      0.45      0.132396       0.148375       0.132396       
11      0.50      0.177034       0.148375       0.177033       
12      0.55      0.229194       0.248069       0.229194       
13      0.60      0.288790       0.248069       0.288790       
14      0.65      0.355553       0.378945       0.355553       
15      0.70      0.429034       0.378945       0.429034       
16      0.75      0.508614       0.543751       0.508614       
17      0.80      0.593503       0.543751       0.593504       
18      0.85      0.682759       0.748468       0.682760       
19      0.90      0.775296       0.748468       0.775296       
20      0.95      0.869898       0.953083       0.869899       
21      1.00      0.965243       0.953083       0.965244       
22      1.05      1.059915       1.146782       1.059916       
23      1.10      1.152427       1.146782       1.152428       
24      1.15      1.241246       1.322103       1.241247       
25      1.20      1.324812       1.322103       1.324814       
26      1.25      1.401566       1.461624       1.401567       
27      1.30      1.469967       1.461624       1.469968       
28      1.35      1.528525       1.561505       1.528527       
29      1.40      1.575820       1.561505       1.575821       
30      1.45      1.610522       1.620876       1.610524       
31      1.50      1.631422       1.620876       1.631423       
32      1.55      1.637444       1.637125       1.637445       
33      1.60      1.627669       1.607724       1.627670       
34      1.65      1.601353       1.607724       1.601353       
35      1.70      1.557937       1.530321       1.557937       
36      1.75      1.497068       1.530321       1.497068       
37      1.80      1.418603       1.402804       1.418603       
38      1.85      1.322622       1.402804       1.322621       
39      1.90      1.209426       1.223241       1.209425       
40      1.95      1.079548       0.989659       1.079547       
41      2.00      0.933746       0.989659       0.933744       
42      2.05      0.773001       0.699491       0.772999       
43      2.10      0.598510       0.699491       0.598508       
44      2.15      0.411679       0.348063       0.411676       
45      2.20      0.214106       0.348063       0.214103       
46      2.25      0.007570       -0.069029      0.007566       
47      2.30      -0.205990      -0.069029      -0.205994      
48      2.35      -0.424492      -0.484762      -0.424495      
49      2.40      -0.645733      -0.484762      -0.645737      
50      2.45      -0.867417      -0.901514      -0.867421      
51      2.50      -1.087175      -0.901514      -1.087180      
52      2.55      -1.302598      -1.305072      -1.302602      
53      2.60      -1.511257      -1.682239      -1.511261      
54      2.65      -1.710738      -1.682239      -1.710742      
55      2.70      -1.898669      -1.997589      -1.898673      
56      2.75      -2.072746      -1.997589      -2.072750      
57      2.80      -2.230766      -2.260395      -2.230769      
58      2.85      -2.370649      -2.260395      -2.370652      
59      2.90      -2.490470      -2.468251      -2.490473      
60      2.95      -2.588481      -2.619053      -2.588484      
61      3.00      -2.663135      -2.619053      -2.663137      
62      3.05      -2.713108      -2.710281      -2.713109      
63      3.10      -2.737317      -2.739550      -2.737318      
64      3.15      -2.734939      -2.739550      -2.734939      
65      3.20      -2.705421      -2.704691      -2.705421      
66      3.25      -2.648497      -2.603777      -2.648496      
67      3.30      -2.564190      -2.603777      -2.564188      
68      3.35      -2.452820      -2.435085      -2.452817      
69      3.40      -2.315003      -2.196942      -2.315000      
70      3.45      -2.151653      -2.196942      -2.151649      
71      3.50      -1.963974      -1.887383      -1.963969      
72      3.55      -1.753449      -1.887383      -1.753443      
73      3.60      -1.521833      -1.503368      -1.521827      
74      3.65      -1.271136      -1.038703      -1.271129      
75      3.70      -1.003602      -1.038703      -1.003595      
76      3.75      -0.721694      -0.509590      -0.721686      
77      3.80      -0.428063      -0.509590      -0.428055      
78      3.85      -0.125528      0.031151       -0.125520      
79      3.90      0.182955       0.031151       0.182964       
80      3.95      0.494323       0.579942       0.494332       
81      4.00      0.805437       0.579942       0.805446       
82      4.05      1.113114       1.121242       1.113123       
83      4.10      1.414164       1.642157       1.414172       
84      4.15      1.705419       1.642157       1.705427       
85      4.20      1.983772       2.098490       1.983779       
86      4.25      2.246208       2.098490       2.246215       
87      4.30      2.489838       2.492453       2.489845       
88      4.35      2.711934       2.824026       2.711940       
89      4.40      2.909954       2.824026       2.909959       
90      4.45      3.081577       3.090970       3.081581       
91      4.50      3.224727       3.290698       3.224730       
92      4.55      3.337598       3.290698       3.337600       
93      4.60      3.418678       3.420593       3.418679       
94      4.65      3.466766       3.478227       3.466766       
95      4.70      3.480988       3.478227       3.480987       
96      4.75      3.460812       3.461430       3.460811       
97      4.80      3.406056       3.368303       3.406053       
98      4.85      3.316890       3.368303       3.316886       
99      4.90      3.193843       3.197155       3.193838       
100     4.95      3.037799       2.946353       3.037793       
101     5.00      2.849990       2.946353       2.849983       
102     5.05      2.631988       2.613994       2.631980       
103     5.10      2.385691       2.197185       2.385682       
104     5.15      2.113307       2.197185       2.113297       
105     5.20      1.817331       1.690266       1.817320       
106     5.25      1.500525       1.690266       1.500514       
107     5.30      1.165892       1.096773       1.165880       
108     5.35      0.816642       1.096773       0.816629       
109     5.40      0.456166       0.484079       0.456153       
110     5.45      0.087999       -0.146361      0.087986       
111     5.50      -0.284215      -0.146361      -0.284229      
112     5.55      -0.656759      -0.777062      -0.656772      
113     5.60      -1.025881      -0.777062      -1.025894      
114     5.65      -1.387833      -1.394405      -1.387846      
115     5.70      -1.738911      -1.966902      -1.738923      
116     5.75      -2.075491      -1.966902      -2.075503      
117     5.80      -2.394069      -2.465564      -2.394079      
118     5.85      -2.691296      -2.898116      -2.691305      
119     5.90      -2.964016      -2.898116      -2.964025      
120     5.95      -3.209301      -3.261803      -3.209308      
121     6.00      -3.424477      -3.554253      -3.424483      
122     6.05      -3.607158      -3.554253      -3.607163      
123     6.10      -3.755275      -3.772650      -3.755278      
124     6.15      -3.867090      -3.914329      -3.867092      
125     6.20      -3.941227      -3.914329      -3.941227      
126     6.25      -3.976680      -3.976854      -3.976679      
127     6.30      -3.972832      -3.958078      -3.972830      
128     6.35      -3.929459      -3.958078      -3.929455      
129     6.40      -3.846738      -3.856130      -3.846732      
130     6.45      -3.725244      -3.669337      -3.725236      
131     6.50      -3.565951      -3.669337      -3.565942      
132     6.55      -3.370223      -3.396051      -3.370213      
133     6.60      -3.139799      -3.034279      -3.139788      
134     6.65      -2.876783      -3.034279      -2.876770      
135     6.70      -2.583619      -2.580890      -2.583605      
136     6.75      -2.263072      -2.029670      -2.263057      
137     6.80      -1.918200      -2.029670      -1.918184      
138     6.85      -1.552325      -1.390921      -1.552308      
139     6.90      -1.168998      -1.390921      -1.168982      
140     6.95      -0.771969      -0.728101      -0.771952      
141     7.00      -0.365146      -0.044456      -0.365128      
142     7.05      0.047446       -0.044456      0.047463       
143     7.10      0.461699       0.642071       0.461716       
144     7.15      0.873467       0.642071       0.873484       
145     7.20      1.278611       1.317177       1.278628       
146     7.25      1.673036       1.952217       1.673051       
147     7.30      2.052734       1.952217       2.052749       
148     7.35      2.413828       2.507921       2.413842       
149     7.40      2.752609       2.507921       2.752622       
150     7.45      3.065577       2.994549       3.065589       
151     7.50      3.349475       3.409143       3.349485       
152     7.55      3.601324       3.749372       3.601332       
153     7.60      3.818455       3.749372       3.818461       
154     7.65      3.998538       4.012315       3.998542       
155     7.70      4.139605       4.195190       4.139608       
156     7.75      4.240073       4.195190       4.240074       
157     7.80      4.298763       4.295435       4.298762       
158     7.85      4.314911       4.310783       4.314908       
159     7.90      4.288176       4.310783       4.288171       
160     7.95      4.218651       4.239264       4.218644       
161     8.00      4.106860       4.079143       4.106851       
162     8.05      3.953752       3.828781       3.953741       
163     8.10      3.760698       3.828781       3.760686       
164     8.15      3.529477       3.486344       3.529463       
165     8.20      3.262256       3.049197       3.262241       
166     8.25      2.961576       3.049197       2.961559       
167     8.30      2.630321       2.512509       2.630303       
168     8.35      2.271694       2.512509       2.271676       
169     8.40      1.889187       1.865474       1.889168       
170     8.45      1.486542       1.181860       1.486522       
171     8.50      1.067718       1.181860       1.067697       
172     8.55      0.636849       0.469834       0.636828       
173     8.60      0.198205       0.469834       0.198184       
174     8.65      -0.243851      -0.253256      -0.243872      
175     8.70      -0.684908      -0.972460      -0.684928      
176     8.75      -1.120550      -0.972460      -1.120570      
177     8.80      -1.546403      -1.672127      -1.546422      
178     8.85      -1.958175      -1.672127      -1.958193      
179     8.90      -2.351703      -2.297289      -2.351720      
180     8.95      -2.722996      -2.849114      -2.723011      
181     9.00      -3.068271      -2.849114      -3.068285      
182     9.05      -3.383999      -3.328016      -3.384010      
183     9.10      -3.666933      -3.731561      -3.666943      
184     9.15      -3.914150      -4.056913      -3.914158      
185     9.20      -4.123073      -4.056913      -4.123079      
186     9.25      -4.291506      -4.301142      -4.291510      
187     9.30      -4.417652      -4.461500      -4.417653      
188     9.35      -4.500131      -4.461500      -4.500131      
189     9.40      -4.538002      -4.535512      -4.537999      
190     9.45      -4.530766      -4.521015      -4.530760      
191     9.50      -4.478375      -4.416127      -4.478368      
192     9.55      -4.381237      -4.416127      -4.381227      
193     9.60      -4.240207      -4.219165      -4.240195      
194     9.65      -4.056584      -3.928449      -4.056570      
195     9.70      -3.832097      -3.928449      -3.832081      
196     9.75      -3.568890      -3.541922      -3.568872      
197     9.80      -3.269499      -3.056323      -3.269480      
198     9.85      -2.936831      -3.056323      -2.936811      
199     9.90      -2.574132      -2.465226      -2.574110      
200     9.95      -2.184957      -2.465226      -2.184935      
201     10.00     -1.773136      -1.779287      -1.773113      
202     10.05     -1.342733      -1.064067      -1.342709      
203     10.10     -0.898009      -1.064067      -0.897985      
204     10.15     -0.443376      -0.323185      -0.443352      
205     10.20     0.016642       -0.323185      0.016666       
206     10.25     0.477460       0.424571       0.477483       
207     10.30     0.934474       1.164274       0.934497       
208     10.35     1.383109       1.164274       1.383131       
209     10.40     1.818864       1.875775       1.818885       
210     10.45     2.237358       2.500025       2.237377       
211     10.50     2.634374       2.500025       2.634392       
212     10.55     3.005902       3.052143       3.005918       
213     10.60     3.348180       3.528893       3.348194       
214     10.65     3.657731       3.528893       3.657743       
215     10.70     3.931399       3.928083       3.931409       
216     10.75     4.166382       4.246677       4.166390       
217     10.80     4.360261       4.246677       4.360267       
218     10.85     4.511024       4.481753       4.511027       
219     10.90     4.617085       4.630586       4.617086       
220     10.95     4.677307       4.690750       4.677304       
221     11.00     4.691006       4.690750       4.691001       
222     11.05     4.657965       4.660131       4.657958       
223     11.10     4.578435       4.536889       4.578425       
224     11.15     4.453132       4.536889       4.453120       
225     11.20     4.283231       4.319352       4.283216       
226     11.25     4.070357       4.005796       4.070340       
227     11.30     3.816567       4.005796       3.816548       
228     11.35     3.524331       3.593997       3.524311       
229     11.40     3.196508       3.080265       3.196486       
230     11.45     2.836319       3.080265       2.836295       
231     11.50     2.447311       2.457079       2.447286       
232     11.55     2.033327       1.752330       2.033302       
233     11.60     1.598467       1.752330       1.598441       
234     11.65     1.147043       1.016888       1.147017       
235     11.70     0.683541       1.016888       0.683515       
236     11.75     0.212575       0.258225       0.212549       
237     11.80     -0.261162      -0.505615      -0.261188      
238     11.85     -0.732941      -0.505615      -0.732966      
239     11.90     -1.198046      -1.259288      -1.198070      
240     11.95     -1.651821      -1.974054      -1.651844      
241     12.00     -2.089719      -1.974054      -2.089741      
242     12.05     -2.507344      -2.603470      -2.507364      
243     12.10     -2.900498      -3.159502      -2.900516      
244     12.15     -3.265222      -3.159502      -3.265238      
245     12.20     -3.597835      -3.638953      -3.597849      
246     12.25     -3.894976      -4.039454      -3.894988      
247     12.30     -4.153632      -4.039454      -4.153641      
248     12.35     -4.371171      -4.357937      -4.371178      
249     12.40     -4.545372      -4.591466      -4.545376      
250     12.45     -4.674442      -4.591466      -4.674443      
251     12.50     -4.757039      -4.737324      -4.757037      
252     12.55     -4.792284      -4.793097      -4.792279      
253     12.60     -4.779770      -4.756686      -4.779763      
254     12.65     -4.719569      -4.756686      -4.719559      
255     12.70     -4.612227      -4.626263      -4.612215      
256     12.75     -4.458767      -4.400155      -4.458752      
257     12.80     -4.260669      -4.400155      -4.260653      
258     12.85     -4.019866      -4.076615      -4.019847      
259     12.90     -3.738716      -3.653340      -3.738695      
260     12.95     -3.419987      -3.653340      -3.419964      
261     13.00     -3.066822      -3.126455      -3.066797      
262     13.05     -2.682714      -2.487965      -2.682688      
263     13.10     -2.271468      -2.487965      -2.271442      
264     13.15     -1.837166      -1.772516      -1.837139      
265     13.20     -1.384123      -1.025399      -1.384095      
266     13.25     -0.916845      -1.025399      -0.916817      
267     13.30     -0.439986      -0.255619      -0.439958      
268     13.35     0.041699       -0.255619      0.041727       
269     13.40     0.523405       0.519014       0.523432       
270     13.45     1.000319       1.282945       1.000345       
271     13.50     1.467674       1.282945       1.467699       
272     13.55     1.920793       2.004967       1.920817       
273     13.60     2.355139       2.641683       2.355161       
274     13.65     2.766356       2.641683       2.766376       
275     13.70     3.150317       3.204294       3.150335       
276     13.75     3.503164       3.689607       3.503179       
277     13.80     3.821346       3.689607       3.821359       
278     13.85     4.101658       4.095198       4.101668       
279     13.90     4.341267       4.417976       4.341275       
280     13.95     4.537749       4.417976       4.537754       
281     14.00     4.689106       4.654992       4.689109       
282     14.05     4.793792       4.803516       4.793791       
283     14.10     4.850723       4.861128       4.850720       
284     14.15     4.859296       4.861128       4.859290       
285     14.20     4.819388       4.825722       4.819379       
286     14.25     4.731361       4.695464       4.731349       
287     14.30     4.596060       4.695464       4.596045       
288     14.35     4.414800       4.468680       4.414783       
289     14.40     4.189360       4.143614       4.189341       
290     14.45     3.921960       3.717962       3.921939       
291     14.50     3.615241       3.717962       3.615218       
292     14.55     3.272240       3.187846       3.272215       
293     14.60     2.896357       3.187846       2.896331       
294     14.65     2.491325       2.545290       2.491298       
295     14.70     2.061171       1.824348       2.061142       
296     14.75     1.610173       1.824348       1.610143       
297     14.80     1.142822       1.071142       1.142793       
298     14.85     0.663777       0.294577       0.663747       
299     14.90     0.177814       0.294577       0.177785       
300     14.95     -0.310217      -0.487404      -0.310246      
301     15.00     -0.795443      -0.487404      -0.795471      
302     15.05     -1.273017      -1.259185      -1.273044      
303     15.10     -1.738163      -1.990918      -1.738188      
304     15.15     -2.186228      -1.990918      -2.186252      
305     15.20     -2.612727      -2.636301      -2.612749      
306     15.25     -3.013388      -3.207242      -3.013408      
307     15.30     -3.384195      -3.207242      -3.384213      
308     15.35     -3.721427      -3.700501      -3.721442      
309     15.40     -4.021697      -4.113676      -4.021710      
310     15.45     -4.281986      -4.113676      -4.281996      
311     15.50     -4.499673      -4.443663      -4.499680      
312     15.55     -4.672561      -4.687492      -4.672564      
313     15.60     -4.798898      -4.842411      -4.798899      
314     15.65     -4.877400      -4.842411      -4.877398      
315     15.70     -4.907258      -4.905979      -4.907253      
316     15.75     -4.888148      -4.876069      -4.888140      
317     15.80     -4.820238      -4.750835      -4.820227      
318     15.85     -4.704180      -4.750835      -4.704166      
319     15.90     -4.541112      -4.528591      -4.541095      
320     15.95     -4.332639      -4.207595      -4.332620      
321     16.00     -4.080821      -4.207595      -4.080800      
322     16.05     -3.788154      -3.785583      -3.788130      
323     16.10     -3.457541      -3.258798      -3.457516      
324     16.15     -3.092269      -3.258798      -3.092242      
325     16.20     -2.695968      -2.619595      -2.695940      
326     16.25     -2.272584      -2.619595      -2.272555      
327     16.30     -1.826334      -1.896678      -1.826304      
328     16.35     -1.361664      -1.141145      -1.361634      
329     16.40     -0.883209      -1.141145      -0.883178      
330     16.45     -0.395740      -0.360743      -0.395710      
331     16.50     0.095876       0.426214       0.095906       
332     16.55     0.586732       0.426214       0.586761       
333     16.60     1.071924       1.204143       1.071952       
334     16.65     1.546603       1.204143       1.546630       
335     16.70     2.006025       1.947153       2.006050       
336     16.75     2.445595       2.602016       2.445618       
337     16.80     2.860914       2.602016       2.860935       
338     16.85     3.247825       3.182344       3.247844       
339     16.90     3.602452       3.684825       3.602469       
340     16.95     3.921243       4.107129       3.921256       
341     17.00     4.200998       4.107129       4.201009       
342     17.05     4.438910       4.446142       4.438918       
343     17.10     4.632587       4.698876       4.632592       
344     17.15     4.780080       4.698876       4.780082       
345     17.20     4.879899       4.862549       4.879898       
346     17.25     4.931030       4.934689       4.931026       
347     17.30     4.932946       4.913143       4.932939       
348     17.35     4.885612       4.913143       4.885601       
349     17.40     4.789483       4.796038       4.789470       
350     17.45     4.645505       4.581683       4.645489       
351     17.50     4.455099       4.581683       4.455080       
352     17.55     4.220153       4.268349       4.220132       
353     17.60     3.942999       3.853841       3.942976       
354     17.65     3.626393       3.853841       3.626368       
355     17.70     3.273485       3.334586       3.273458       
356     17.75     2.887788       2.703431       2.887760       
357     17.80     2.473146       2.703431       2.473117       
358     17.85     2.033692       1.980974       2.033662       
359     17.90     1.573808       1.225668       1.573776       
360     17.95     1.098081       1.225668       1.098049       
361     18.00     0.611259       0.443494       0.611227       
362     18.05     0.118201       0.443494       0.118170       
363     18.10     -0.376169      -0.346734      -0.376199      
364     18.15     -0.866914      -1.129515      -0.866943      
365     18.20     -1.349130      -1.129515      -1.349158      
366     18.25     -1.817999      -1.884727      -1.818026      
367     18.30     -2.268835      -2.549429      -2.268860      
368     18.35     -2.697128      -2.549429      -2.697151      
369     18.40     -3.098595      -3.139635      -3.098616      
370     18.45     -3.469220      -3.651960      -3.469238      
371     18.50     -3.805292      -3.651960      -3.805307      
372     18.55     -4.103445      -4.084188      -4.103458      
373     18.60     -4.360693      -4.433197      -4.360703      
374     18.65     -4.574456      -4.433197      -4.574463      
375     18.70     -4.742589      -4.695982      -4.742592      
376     18.75     -4.863400      -4.869731      -4.863400      
377     18.80     -4.935673      -4.951933      -4.935670      
378     18.85     -4.958674      -4.951933      -4.958668      
379     18.90     -4.932163      -4.940403      -4.932154      
380     18.95     -4.856393      -4.833240      -4.856380      
381     19.00     -4.732109      -4.628742      -4.732094      
382     19.05     -4.560544      -4.628742      -4.560527      
383     19.10     -4.343401      -4.325195      -4.343381      
384     19.15     -4.082839      -3.920482      -4.082816      
385     19.20     -3.781451      -3.920482      -3.781426      
386     19.25     -3.442240      -3.411236      -3.442213      
387     19.30     -3.068586      -2.790849      -3.068558      
388     19.35     -2.664215      -2.790849      -2.664186      
389     19.40     -2.233160      -2.070521      -2.233130      
390     19.45     -1.779722      -2.070521      -1.779691      
391     19.50     -1.308426      -1.317145      -1.308394      
392     19.55     -0.823975      -0.534650      -0.823943      
393     19.60     -0.331208      -0.534650      -0.331176      
394     19.65     0.164956       0.257586       0.164987       
395     19.70     0.659561       1.044179       0.659591       
396     19.75     1.147665       1.044179       1.147694       
397     19.80     1.624392       1.808623       1.624420       
398     19.85     2.084978       1.808623       2.085004       
399     19.90     2.524819       2.484048       2.524843       
400     19.95     2.939518       3.084343       2.939540       
401     20.00     3.324927       3.324949       3.324947       
