
--- RK4 Steps (RK4 Problem 1), h=0.1 ---
Step	X	Y-values
0	0.100000	1.123049
1	0.200000	1.308496
2	0.300000	1.595754
3	0.400000	2.064900
4	0.500000	2.907820
5	0.600000	4.727897
6	0.700000	10.853932

--- RK4 Steps (RK4 Problem 1), h=0.25 ---
Step	X	Y-values
0	0.250000	1.435558
1	0.500000	2.897227
2	0.750000	17.885430

--- RK4 Steps (RK4 Problem 1), h=0.45 ---
Step	X	Y-values
0	0.450000	2.389060
1	0.900000	109.960226

--- RK4 Steps (RK4 Damped SHO), h=0.05 ---
Step	X	Y-values
0	0.050000	0.998753	-0.049792
1	0.100000	0.995029	-0.099088
2	0.150000	0.988855	-0.147769
3	0.200000	0.980264	-0.195719
4	0.250000	0.969297	-0.242823
5	0.300000	0.955998	-0.288970
6	0.350000	0.940418	-0.334053
7	0.400000	0.922612	-0.377967
8	0.450000	0.902642	-0.420611
9	0.500000	0.880574	-0.461890
10	0.550000	0.856478	-0.501710
11	0.600000	0.830429	-0.539983
12	0.650000	0.802506	-0.576626
13	0.700000	0.772795	-0.611559
14	0.750000	0.741380	-0.644708
15	0.800000	0.708355	-0.676004
16	0.850000	0.673812	-0.705383
17	0.900000	0.637849	-0.732786
18	0.950000	0.600567	-0.758159
19	1.000000	0.562068	-0.781455
20	1.050000	0.522457	-0.802631
21	1.100000	0.481841	-0.821650
22	1.150000	0.440328	-0.838481
23	1.200000	0.398030	-0.853098
24	1.250000	0.355056	-0.865482
25	1.300000	0.311519	-0.875618
26	1.350000	0.267532	-0.883498
27	1.400000	0.223207	-0.889118
28	1.450000	0.178657	-0.892483
29	1.500000	0.133996	-0.893601
30	1.550000	0.089334	-0.892485
31	1.600000	0.044784	-0.889154
32	1.650000	0.000456	-0.883635
33	1.700000	-0.043543	-0.875956
34	1.750000	-0.087105	-0.866154
35	1.800000	-0.130124	-0.854268
36	1.850000	-0.172497	-0.840343
37	1.900000	-0.214125	-0.824430
38	1.950000	-0.254908	-0.806583
39	2.000000	-0.294752	-0.786861
40	2.050000	-0.333564	-0.765327
41	2.100000	-0.371256	-0.742048
42	2.150000	-0.407741	-0.717095
43	2.200000	-0.442938	-0.690543
44	2.250000	-0.476770	-0.662469
45	2.300000	-0.509161	-0.632956
46	2.350000	-0.540043	-0.602087
47	2.400000	-0.569349	-0.569950
48	2.450000	-0.597018	-0.536634
49	2.500000	-0.622994	-0.502230
50	2.550000	-0.647225	-0.466832
51	2.600000	-0.669662	-0.430537
52	2.650000	-0.690265	-0.393441
53	2.700000	-0.708995	-0.355642
54	2.750000	-0.725819	-0.317240
55	2.800000	-0.740710	-0.278335
56	2.850000	-0.753646	-0.239027
57	2.900000	-0.764608	-0.199418
58	2.950000	-0.773584	-0.159609
59	3.000000	-0.780567	-0.119699
60	3.050000	-0.785554	-0.079790
61	3.100000	-0.788548	-0.039980
62	3.150000	-0.789556	-0.000368
63	3.200000	-0.788590	0.038949
64	3.250000	-0.785667	0.077875
65	3.300000	-0.780810	0.116317
66	3.350000	-0.774045	0.154181
67	3.400000	-0.765403	0.191379
68	3.450000	-0.754920	0.227822
69	3.500000	-0.742635	0.263425
70	3.550000	-0.728593	0.298107
71	3.600000	-0.712841	0.331787
72	3.650000	-0.695432	0.364389
73	3.700000	-0.676421	0.395841
74	3.750000	-0.655868	0.426071
75	3.800000	-0.633836	0.455015
76	3.850000	-0.610389	0.482609
77	3.900000	-0.585598	0.508796
78	3.950000	-0.559534	0.533520
79	4.000000	-0.532271	0.556730
80	4.050000	-0.503887	0.578381
81	4.100000	-0.474460	0.598430
82	4.150000	-0.444071	0.616839
83	4.200000	-0.412804	0.633574
84	4.250000	-0.380742	0.648607
85	4.300000	-0.347972	0.661912
86	4.350000	-0.314580	0.673469
87	4.400000	-0.280655	0.683263
88	4.450000	-0.246284	0.691283
89	4.500000	-0.211556	0.697521
90	4.550000	-0.176561	0.701975
91	4.600000	-0.141388	0.704649
92	4.650000	-0.106126	0.705547
93	4.700000	-0.070863	0.704683
94	4.750000	-0.035687	0.702069
95	4.800000	-0.000685	0.697727
96	4.850000	0.034057	0.691680
97	4.900000	0.068455	0.683956
98	4.950000	0.102426	0.674587
99	5.000000	0.135887	0.663608
100	5.050000	0.168760	0.651058
101	5.100000	0.200967	0.636981
102	5.150000	0.232434	0.621422
103	5.200000	0.263086	0.604433
104	5.250000	0.292854	0.586065
105	5.300000	0.321670	0.566376
106	5.350000	0.349470	0.545423
107	5.400000	0.376193	0.523268
108	5.450000	0.401778	0.499976
109	5.500000	0.426172	0.475613
110	5.550000	0.449323	0.450248
111	5.600000	0.471182	0.423951
112	5.650000	0.491704	0.396795
113	5.700000	0.510848	0.368854
114	5.750000	0.528577	0.340203
115	5.800000	0.544858	0.310919
116	5.850000	0.559660	0.281079
117	5.900000	0.572958	0.250763
118	5.950000	0.584730	0.220049
119	6.000000	0.594957	0.189016
120	6.050000	0.603627	0.157744
121	6.100000	0.610729	0.126313
122	6.150000	0.616257	0.094803
123	6.200000	0.620209	0.063292
124	6.250000	0.622588	0.031859
125	6.300000	0.623398	0.000581
126	6.350000	0.622650	-0.030464
127	6.400000	0.620357	-0.061202
128	6.450000	0.616536	-0.091558
129	6.500000	0.611208	-0.121458
130	6.550000	0.604399	-0.150833
131	6.600000	0.596135	-0.179613
132	6.650000	0.586449	-0.207730
133	6.700000	0.575374	-0.235120
134	6.750000	0.562950	-0.261720
135	6.800000	0.549216	-0.287470
136	6.850000	0.534218	-0.312311
137	6.900000	0.518001	-0.336189
138	6.950000	0.500616	-0.359052
139	7.000000	0.482114	-0.380849
140	7.050000	0.462550	-0.401535
141	7.100000	0.441980	-0.421067
142	7.150000	0.420463	-0.439404
143	7.200000	0.398060	-0.456511
144	7.250000	0.374833	-0.472352
145	7.300000	0.350846	-0.486899
146	7.350000	0.326165	-0.500125
147	7.400000	0.300856	-0.512007
148	7.450000	0.274987	-0.522525
149	7.500000	0.248626	-0.531663
150	7.550000	0.221844	-0.539409
151	7.600000	0.194709	-0.545754
152	7.650000	0.167292	-0.550692
153	7.700000	0.139663	-0.554222
154	7.750000	0.111893	-0.556346
155	7.800000	0.084052	-0.557069
156	7.850000	0.056209	-0.556399
157	7.900000	0.028435	-0.554348
158	7.950000	0.000797	-0.550933
159	8.000000	-0.026636	-0.546171
160	8.050000	-0.053798	-0.540085
161	8.100000	-0.080623	-0.532699
162	8.150000	-0.107046	-0.524042
163	8.200000	-0.133006	-0.514144
164	8.250000	-0.158441	-0.503041
165	8.300000	-0.183291	-0.490767
166	8.350000	-0.207499	-0.477364
167	8.400000	-0.231009	-0.462871
168	8.450000	-0.253768	-0.447335
169	8.500000	-0.275726	-0.430800
170	8.550000	-0.296832	-0.413317
171	8.600000	-0.317042	-0.394935
172	8.650000	-0.336312	-0.375706
173	8.700000	-0.354600	-0.355686
174	8.750000	-0.371868	-0.334930
175	8.800000	-0.388081	-0.313495
176	8.850000	-0.403207	-0.291439
177	8.900000	-0.417216	-0.268822
178	8.950000	-0.430081	-0.245705
179	9.000000	-0.441779	-0.222149
180	9.050000	-0.452290	-0.198216
181	9.100000	-0.461596	-0.173968
182	9.150000	-0.469682	-0.149468
183	9.200000	-0.476539	-0.124779
184	9.250000	-0.482158	-0.099963
185	9.300000	-0.486534	-0.075084
186	9.350000	-0.489667	-0.050204
187	9.400000	-0.491556	-0.025385
188	9.450000	-0.492207	-0.000688
189	9.500000	-0.491628	0.023826
190	9.550000	-0.489829	0.048097
191	9.600000	-0.486823	0.072068
192	9.650000	-0.482628	0.095680
193	9.700000	-0.477262	0.118877
194	9.750000	-0.470748	0.141605
195	9.800000	-0.463110	0.163810
196	9.850000	-0.454376	0.185442
197	9.900000	-0.444576	0.206450
198	9.950000	-0.433743	0.226787
199	10.000000	-0.421910	0.246408
200	10.050000	-0.409114	0.265268
201	10.100000	-0.395396	0.283327
202	10.150000	-0.380796	0.300545
203	10.200000	-0.365356	0.316886
204	10.250000	-0.349122	0.332316
205	10.300000	-0.332140	0.346804
206	10.350000	-0.314458	0.360319
207	10.400000	-0.296125	0.372836
208	10.450000	-0.277192	0.384332
209	10.500000	-0.257709	0.394784
210	10.550000	-0.237731	0.404175
211	10.600000	-0.217310	0.412490
212	10.650000	-0.196500	0.419715
213	10.700000	-0.175357	0.425841
214	10.750000	-0.153934	0.430861
215	10.800000	-0.132289	0.434771
216	10.850000	-0.110476	0.437569
217	10.900000	-0.088551	0.439256
218	10.950000	-0.066569	0.439837
219	11.000000	-0.044585	0.439318
220	11.050000	-0.022655	0.437709
221	11.100000	-0.000832	0.435022
222	11.150000	0.020829	0.431272
223	11.200000	0.042277	0.426476
224	11.250000	0.063460	0.420654
225	11.300000	0.084326	0.413828
226	11.350000	0.104827	0.406023
227	11.400000	0.124913	0.397265
228	11.450000	0.144538	0.387583
229	11.500000	0.163656	0.377008
230	11.550000	0.182224	0.365573
231	11.600000	0.200200	0.353314
232	11.650000	0.217542	0.340266
233	11.700000	0.234214	0.326469
234	11.750000	0.250177	0.311961
235	11.800000	0.265399	0.296786
236	11.850000	0.279845	0.280984
237	11.900000	0.293487	0.264601
238	11.950000	0.306297	0.247682
239	12.000000	0.318247	0.230272
240	12.050000	0.329316	0.212419
241	12.100000	0.339483	0.194170
242	12.150000	0.348728	0.175574
243	12.200000	0.357035	0.156680
244	12.250000	0.364391	0.137537
245	12.300000	0.370785	0.118194
246	12.350000	0.376208	0.098702
247	12.400000	0.380654	0.079109
248	12.450000	0.384118	0.059466
249	12.500000	0.386601	0.039822
250	12.550000	0.388101	0.020225
251	12.600000	0.388625	0.000724
252	12.650000	0.388176	-0.018632
253	12.700000	0.386765	-0.037798
254	12.750000	0.384400	-0.056727
255	12.800000	0.381097	-0.075372
256	12.850000	0.376869	-0.093691
257	12.900000	0.371734	-0.111640
258	12.950000	0.365712	-0.129176
259	13.000000	0.358824	-0.146260
260	13.050000	0.351094	-0.162852
261	13.100000	0.342547	-0.178914
262	13.150000	0.333212	-0.194411
263	13.200000	0.323116	-0.209308
264	13.250000	0.312292	-0.223572
265	13.300000	0.300770	-0.237174
266	13.350000	0.288586	-0.250082
267	13.400000	0.275774	-0.262272
268	13.450000	0.262371	-0.273718
269	13.500000	0.248415	-0.284396
270	13.550000	0.233944	-0.294287
271	13.600000	0.219000	-0.303370
272	13.650000	0.203621	-0.311631
273	13.700000	0.187850	-0.319054
274	13.750000	0.171730	-0.325626
275	13.800000	0.155302	-0.331339
276	13.850000	0.138610	-0.336184
277	13.900000	0.121698	-0.340156
278	13.950000	0.104609	-0.343251
279	14.000000	0.087388	-0.345468
280	14.050000	0.070077	-0.346809
281	14.100000	0.052721	-0.347275
282	14.150000	0.035364	-0.346874
283	14.200000	0.018048	-0.345611
284	14.250000	0.000817	-0.343498
285	14.300000	-0.016287	-0.340545
286	14.350000	-0.033224	-0.336766
287	14.400000	-0.049950	-0.332177
288	14.450000	-0.066428	-0.326794
289	14.500000	-0.082617	-0.320639
290	14.550000	-0.098479	-0.313730
291	14.600000	-0.113978	-0.306093
292	14.650000	-0.129077	-0.297750
293	14.700000	-0.143741	-0.288728
294	14.750000	-0.157939	-0.279054
295	14.800000	-0.171637	-0.268758
296	14.850000	-0.184805	-0.257869
297	14.900000	-0.197414	-0.246420
298	14.950000	-0.209438	-0.234443
299	15.000000	-0.220850	-0.221971
300	15.050000	-0.231627	-0.209040
301	15.100000	-0.241747	-0.195685
302	15.150000	-0.251189	-0.181942
303	15.200000	-0.259935	-0.167849
304	15.250000	-0.267969	-0.153444
305	15.300000	-0.275275	-0.138763
306	15.350000	-0.281841	-0.123847
307	15.400000	-0.287657	-0.108735
308	15.450000	-0.292712	-0.093464
309	15.500000	-0.297001	-0.078074
310	15.550000	-0.300518	-0.062606
311	15.600000	-0.303261	-0.047097
312	15.650000	-0.305228	-0.031586
313	15.700000	-0.306420	-0.016113
314	15.750000	-0.306841	-0.000715
315	15.800000	-0.306494	0.014569
316	15.850000	-0.305386	0.029703
317	15.900000	-0.303526	0.044650
318	15.950000	-0.300925	0.059375
319	16.000000	-0.297593	0.073841
320	16.050000	-0.293546	0.088015
321	16.100000	-0.288797	0.101864
322	16.150000	-0.283365	0.115356
323	16.200000	-0.277268	0.128460
324	16.250000	-0.270526	0.141146
325	16.300000	-0.263161	0.153386
326	16.350000	-0.255195	0.165153
327	16.400000	-0.246654	0.176420
328	16.450000	-0.237562	0.187164
329	16.500000	-0.227946	0.197362
330	16.550000	-0.217835	0.206992
331	16.600000	-0.207257	0.216034
332	16.650000	-0.196242	0.224471
333	16.700000	-0.184820	0.232286
334	16.750000	-0.173024	0.239464
335	16.800000	-0.160885	0.245992
336	16.850000	-0.148436	0.251859
337	16.900000	-0.135710	0.257055
338	16.950000	-0.122742	0.261572
339	17.000000	-0.109564	0.265404
340	17.050000	-0.096213	0.268546
341	17.100000	-0.082721	0.270996
342	17.150000	-0.069125	0.272753
343	17.200000	-0.055457	0.273818
344	17.250000	-0.041754	0.274193
345	17.300000	-0.028050	0.273882
346	17.350000	-0.014377	0.272892
347	17.400000	-0.000772	0.271229
348	17.450000	0.012734	0.268904
349	17.500000	0.026108	0.265926
350	17.550000	0.039316	0.262309
351	17.600000	0.052328	0.258065
352	17.650000	0.065113	0.253210
353	17.700000	0.077639	0.247761
354	17.750000	0.089879	0.241736
355	17.800000	0.101804	0.235154
356	17.850000	0.113386	0.228035
357	17.900000	0.124599	0.220402
358	17.950000	0.135418	0.212277
359	18.000000	0.145819	0.203684
360	18.050000	0.155779	0.194649
361	18.100000	0.165277	0.185196
362	18.150000	0.174292	0.175352
363	18.200000	0.182806	0.165145
364	18.250000	0.190801	0.154604
365	18.300000	0.198261	0.143756
366	18.350000	0.205172	0.132631
367	18.400000	0.211520	0.121259
368	18.450000	0.217294	0.109670
369	18.500000	0.222484	0.097895
370	18.550000	0.227081	0.085964
371	18.600000	0.231078	0.073908
372	18.650000	0.234470	0.061758
373	18.700000	0.237253	0.049545
374	18.750000	0.239424	0.037300
375	18.800000	0.240983	0.025053
376	18.850000	0.241930	0.012836
377	18.900000	0.242267	0.000678
378	18.950000	0.241999	-0.011391
379	19.000000	0.241130	-0.023342
380	19.050000	0.239667	-0.035145
381	19.100000	0.237619	-0.046772
382	19.150000	0.234994	-0.058196
383	19.200000	0.231803	-0.069390
384	19.250000	0.228059	-0.080327
385	19.300000	0.223775	-0.090982
386	19.350000	0.218966	-0.101332
387	19.400000	0.213647	-0.111351
388	19.450000	0.207836	-0.121019
389	19.500000	0.201552	-0.130313
390	19.550000	0.194812	-0.139213
391	19.600000	0.187637	-0.147699
392	19.650000	0.180049	-0.155755
393	19.700000	0.172069	-0.163363
394	19.750000	0.163721	-0.170507
395	19.800000	0.155027	-0.177172
396	19.850000	0.146011	-0.183347
397	19.900000	0.136700	-0.189020
398	19.950000	0.127118	-0.194179
399	20.000000	0.117291	-0.198816
400	20.050000	0.107245	-0.202923
401	20.100000	0.097008	-0.206495
402	20.150000	0.086605	-0.209525
403	20.200000	0.076064	-0.212012
404	20.250000	0.065413	-0.213951
405	20.300000	0.054678	-0.215344
406	20.350000	0.043887	-0.216189
407	20.400000	0.033068	-0.216490
408	20.450000	0.022247	-0.216250
409	20.500000	0.011452	-0.215473
410	20.550000	0.000709	-0.214165
411	20.600000	-0.009956	-0.212334
412	20.650000	-0.020516	-0.209988
413	20.700000	-0.030946	-0.207136
414	20.750000	-0.041221	-0.203790
415	20.800000	-0.051317	-0.199961
416	20.850000	-0.061209	-0.195663
417	20.900000	-0.070876	-0.190910
418	20.950000	-0.080293	-0.185717
419	21.000000	-0.089440	-0.180101
420	21.050000	-0.098297	-0.174078
421	21.100000	-0.106842	-0.167666
422	21.150000	-0.115057	-0.160885
423	21.200000	-0.122924	-0.153754
424	21.250000	-0.130427	-0.146293
425	21.300000	-0.137549	-0.138524
426	21.350000	-0.144274	-0.130468
427	21.400000	-0.150591	-0.122147
428	21.450000	-0.156485	-0.113584
429	21.500000	-0.161946	-0.104802
430	21.550000	-0.166962	-0.095825
431	21.600000	-0.171525	-0.086677
432	21.650000	-0.175627	-0.077381
433	21.700000	-0.179261	-0.067962
434	21.750000	-0.182422	-0.058443
435	21.800000	-0.185104	-0.048851
436	21.850000	-0.187306	-0.039208
437	21.900000	-0.189025	-0.029540
438	21.950000	-0.190260	-0.019871
439	22.000000	-0.191012	-0.010224
440	22.050000	-0.191283	-0.000624
441	22.100000	-0.191076	0.008906
442	22.150000	-0.190394	0.018342
443	22.200000	-0.189244	0.027663
444	22.250000	-0.187630	0.036844
445	22.300000	-0.185562	0.045866
446	22.350000	-0.183047	0.054706
447	22.400000	-0.180095	0.063343
448	22.450000	-0.176716	0.071758
449	22.500000	-0.172923	0.079932
450	22.550000	-0.168727	0.087846
451	22.600000	-0.164143	0.095481
452	22.650000	-0.159184	0.102822
453	22.700000	-0.153866	0.109852
454	22.750000	-0.148204	0.116556
455	22.800000	-0.142216	0.122920
456	22.850000	-0.135918	0.128930
457	22.900000	-0.129329	0.134574
458	22.950000	-0.122467	0.139840
459	23.000000	-0.115352	0.144719
460	23.050000	-0.108002	0.149202
461	23.100000	-0.100438	0.153279
462	23.150000	-0.092681	0.156944
463	23.200000	-0.084751	0.160191
464	23.250000	-0.076669	0.163015
465	23.300000	-0.068456	0.165412
466	23.350000	-0.060135	0.167379
467	23.400000	-0.051726	0.168914
468	23.450000	-0.043251	0.170017
469	23.500000	-0.034731	0.170689
470	23.550000	-0.026189	0.170931
471	23.600000	-0.017645	0.170745
472	23.650000	-0.009121	0.170136
473	23.700000	-0.000639	0.169107
474	23.750000	0.007782	0.167665
475	23.800000	0.016121	0.165816
476	23.850000	0.024357	0.163568
477	23.900000	0.032471	0.160930
478	23.950000	0.040444	0.157911
479	24.000000	0.048256	0.154521
480	24.050000	0.055890	0.150771
481	24.100000	0.063328	0.146674
482	24.150000	0.070552	0.142243
483	24.200000	0.077547	0.137490
484	24.250000	0.084296	0.132430
485	24.300000	0.090785	0.127079
486	24.350000	0.096999	0.121451
487	24.400000	0.102925	0.115563
488	24.450000	0.108551	0.109431
489	24.500000	0.113865	0.103072
490	24.550000	0.118855	0.096504
491	24.600000	0.123512	0.089745
492	24.650000	0.127827	0.082813
493	24.700000	0.131791	0.075726
494	24.750000	0.135397	0.068504
495	24.800000	0.138639	0.061165
496	24.850000	0.141512	0.053729
497	24.900000	0.144011	0.046215
498	24.950000	0.146132	0.038641
499	25.000000	0.147874	0.031028
500	25.050000	0.149235	0.023395
501	25.100000	0.150214	0.015760
502	25.150000	0.150811	0.008143
503	25.200000	0.151029	0.000563
504	25.250000	0.150868	-0.006962
505	25.300000	0.150334	-0.014413
506	25.350000	0.149429	-0.021773
507	25.400000	0.148158	-0.029024
508	25.450000	0.146528	-0.036148
509	25.500000	0.144546	-0.043129
510	25.550000	0.142218	-0.049950
511	25.600000	0.139554	-0.056596
512	25.650000	0.136562	-0.063052
513	25.700000	0.133252	-0.069302
514	25.750000	0.129635	-0.075333
515	25.800000	0.125723	-0.081131
516	25.850000	0.121526	-0.086684
517	25.900000	0.117058	-0.091979
518	25.950000	0.112333	-0.097006
519	26.000000	0.107363	-0.101754
520	26.050000	0.102162	-0.106213
521	26.100000	0.096746	-0.110374
522	26.150000	0.091130	-0.114230
523	26.200000	0.085328	-0.117772
524	26.250000	0.079358	-0.120994
525	26.300000	0.073234	-0.123891
526	26.350000	0.066974	-0.126457
527	26.400000	0.060594	-0.128690
528	26.450000	0.054111	-0.130586
529	26.500000	0.047541	-0.132142
530	26.550000	0.040902	-0.133357
531	26.600000	0.034211	-0.134232
532	26.650000	0.027485	-0.134765
533	26.700000	0.020740	-0.134959
534	26.750000	0.013995	-0.134816
535	26.800000	0.007264	-0.134338
536	26.850000	0.000566	-0.133529
537	26.900000	-0.006083	-0.132393
538	26.950000	-0.012667	-0.130936
539	27.000000	-0.019171	-0.129164
540	27.050000	-0.025579	-0.127084
541	27.100000	-0.031875	-0.124703
542	27.150000	-0.038044	-0.122029
543	27.200000	-0.044073	-0.119071
544	27.250000	-0.049947	-0.115839
545	27.300000	-0.055652	-0.112342
546	27.350000	-0.061177	-0.108592
547	27.400000	-0.066507	-0.104599
548	27.450000	-0.071633	-0.100376
549	27.500000	-0.076541	-0.095935
550	27.550000	-0.081223	-0.091287
551	27.600000	-0.085667	-0.086448
552	27.650000	-0.089865	-0.081429
553	27.700000	-0.093807	-0.076244
554	27.750000	-0.097487	-0.070909
555	27.800000	-0.100896	-0.065437
556	27.850000	-0.104028	-0.059843
557	27.900000	-0.106878	-0.054141
558	27.950000	-0.109441	-0.048348
559	28.000000	-0.111712	-0.042477
560	28.050000	-0.113687	-0.036545
561	28.100000	-0.115365	-0.030565
562	28.150000	-0.116743	-0.024555
563	28.200000	-0.117821	-0.018528
564	28.250000	-0.118596	-0.012500
565	28.300000	-0.119071	-0.006486
566	28.350000	-0.119245	-0.000500
567	28.400000	-0.119122	0.005442
568	28.450000	-0.118702	0.011325
569	28.500000	-0.117990	0.017137
570	28.550000	-0.116990	0.022863
571	28.600000	-0.115706	0.028489
572	28.650000	-0.114143	0.034002
573	28.700000	-0.112307	0.039389
574	28.750000	-0.110206	0.044638
575	28.800000	-0.107846	0.049736
576	28.850000	-0.105235	0.054672
577	28.900000	-0.102382	0.059436
578	28.950000	-0.099295	0.064016
579	29.000000	-0.095984	0.068402
580	29.050000	-0.092458	0.072585
581	29.100000	-0.088729	0.076556
582	29.150000	-0.084806	0.080307
583	29.200000	-0.080702	0.083829
584	29.250000	-0.076427	0.087117
585	29.300000	-0.071994	0.090163
586	29.350000	-0.067415	0.092962
587	29.400000	-0.062702	0.095509
588	29.450000	-0.057868	0.097798
589	29.500000	-0.052927	0.099828
590	29.550000	-0.047890	0.101593
591	29.600000	-0.042772	0.103092
592	29.650000	-0.037585	0.104323
593	29.700000	-0.032344	0.105285
594	29.750000	-0.027061	0.105978
595	29.800000	-0.021751	0.106402
596	29.850000	-0.016425	0.106558
597	29.900000	-0.011099	0.106447
598	29.950000	-0.005785	0.106072
599	30.000000	-0.000496	0.105435
600	30.050000	0.004754	0.104541
601	30.100000	0.009954	0.103393
602	30.150000	0.015089	0.101997
603	30.200000	0.020149	0.100356
604	30.250000	0.025121	0.098478
605	30.300000	0.029993	0.096369
606	30.350000	0.034754	0.094036
607	30.400000	0.039393	0.091486
608	30.450000	0.043899	0.088727
609	30.500000	0.048262	0.085768
610	30.550000	0.052473	0.082617
611	30.600000	0.056521	0.079285
612	30.650000	0.060398	0.075779
613	30.700000	0.064096	0.072111
614	30.750000	0.067607	0.068291
615	30.800000	0.070923	0.064330
616	30.850000	0.074038	0.060238
617	30.900000	0.076945	0.056026
618	30.950000	0.079639	0.051707
619	31.000000	0.082114	0.047291
620	31.050000	0.084366	0.042790
621	31.100000	0.086392	0.038216
622	31.150000	0.088187	0.033582
623	31.200000	0.089749	0.028898
624	31.250000	0.091076	0.024177
625	31.300000	0.092166	0.019432
626	31.350000	0.093019	0.014673
627	31.400000	0.093634	0.009914
628	31.450000	0.094011	0.005165
629	31.500000	0.094151	0.000439
630	31.550000	0.094055	-0.004253
631	31.600000	0.093726	-0.008899
632	31.650000	0.093166	-0.013488
633	31.700000	0.092378	-0.018010
634	31.750000	0.091366	-0.022452
635	31.800000	0.090135	-0.026806
636	31.850000	0.088687	-0.031060
637	31.900000	0.087030	-0.035206
638	31.950000	0.085169	-0.039232
639	32.000000	0.083109	-0.043131
640	32.050000	0.080858	-0.046893
641	32.100000	0.078422	-0.050511
642	32.150000	0.075810	-0.053975
643	32.200000	0.073027	-0.057280
644	32.250000	0.070084	-0.060417
645	32.300000	0.066989	-0.063380
646	32.350000	0.063749	-0.066163
647	32.400000	0.060375	-0.068761
648	32.450000	0.056876	-0.071167
649	32.500000	0.053262	-0.073379
650	32.550000	0.049542	-0.075392
651	32.600000	0.045726	-0.077201
652	32.650000	0.041825	-0.078805
653	32.700000	0.037849	-0.080201
654	32.750000	0.033809	-0.081387
655	32.800000	0.029714	-0.082361
656	32.850000	0.025576	-0.083123
657	32.900000	0.021405	-0.083672
658	32.950000	0.017212	-0.084008
659	33.000000	0.013008	-0.084133
660	33.050000	0.008803	-0.084047
661	33.100000	0.004607	-0.083753
662	33.150000	0.000431	-0.083253
663	33.200000	-0.003715	-0.082549
664	33.250000	-0.007821	-0.081644
665	33.300000	-0.011876	-0.080543
666	33.350000	-0.015872	-0.079250
667	33.400000	-0.019798	-0.077769
668	33.450000	-0.023646	-0.076105
669	33.500000	-0.027406	-0.074265
670	33.550000	-0.031069	-0.072253
671	33.600000	-0.034628	-0.070076
672	33.650000	-0.038074	-0.067741
673	33.700000	-0.041400	-0.065255
674	33.750000	-0.044597	-0.062625
675	33.800000	-0.047660	-0.059858
676	33.850000	-0.050581	-0.056964
677	33.900000	-0.053354	-0.053949
678	33.950000	-0.055974	-0.050822
679	34.000000	-0.058435	-0.047592
680	34.050000	-0.060732	-0.044267
681	34.100000	-0.062860	-0.040858
682	34.150000	-0.064816	-0.037372
683	34.200000	-0.066596	-0.033818
684	34.250000	-0.068197	-0.030208
685	34.300000	-0.069616	-0.026549
686	34.350000	-0.070851	-0.022851
687	34.400000	-0.071901	-0.019124
688	34.450000	-0.072763	-0.015377
689	34.500000	-0.073438	-0.011620
690	34.550000	-0.073925	-0.007862
691	34.600000	-0.074225	-0.004113
692	34.650000	-0.074337	-0.000381
693	34.700000	-0.074263	0.003324
694	34.750000	-0.074005	0.006992
695	34.800000	-0.073565	0.010616
696	34.850000	-0.072944	0.014187
697	34.900000	-0.072147	0.017695
698	34.950000	-0.071176	0.021133
699	35.000000	-0.070035	0.024493
700	35.050000	-0.068728	0.027767
701	35.100000	-0.067260	0.030947
702	35.150000	-0.065635	0.034026
703	35.200000	-0.063859	0.036998
704	35.250000	-0.061937	0.039855
705	35.300000	-0.059876	0.042592
706	35.350000	-0.057680	0.045202
707	35.400000	-0.055358	0.047680
708	35.450000	-0.052915	0.050021
709	35.500000	-0.050358	0.052220
710	35.550000	-0.047695	0.054272
711	35.600000	-0.044933	0.056174
712	35.650000	-0.042080	0.057921
713	35.700000	-0.039144	0.059512
714	35.750000	-0.036132	0.060942
715	35.800000	-0.033052	0.062210
716	35.850000	-0.029914	0.063314
717	35.900000	-0.026724	0.064251
718	35.950000	-0.023491	0.065022
719	36.000000	-0.020224	0.065625
720	36.050000	-0.016931	0.066060
721	36.100000	-0.013621	0.066327
722	36.150000	-0.010301	0.066428
723	36.200000	-0.006981	0.066362
724	36.250000	-0.003668	0.066131
725	36.300000	-0.000371	0.065737
726	36.350000	0.002903	0.065183
727	36.400000	0.006145	0.064470
728	36.450000	0.009347	0.063602
729	36.500000	0.012503	0.062582
730	36.550000	0.015603	0.061414
731	36.600000	0.018642	0.060102
732	36.650000	0.021611	0.058650
733	36.700000	0.024504	0.057063
734	36.750000	0.027315	0.055346
735	36.800000	0.030037	0.053503
736	36.850000	0.032663	0.051541
737	36.900000	0.035189	0.049466
738	36.950000	0.037608	0.047282
739	37.000000	0.039916	0.044998
740	37.050000	0.042106	0.042618
741	37.100000	0.044176	0.040150
742	37.150000	0.046120	0.037600
743	37.200000	0.047935	0.034976
744	37.250000	0.049617	0.032285
745	37.300000	0.051162	0.029533
746	37.350000	0.052569	0.026728
747	37.400000	0.053834	0.023877
748	37.450000	0.054956	0.020989
749	37.500000	0.055933	0.018070
750	37.550000	0.056763	0.015127
751	37.600000	0.057445	0.012169
752	37.650000	0.057979	0.009202
753	37.700000	0.058365	0.006235
754	37.750000	0.058603	0.003275
755	37.800000	0.058693	0.000328
756	37.850000	0.058636	-0.002597
757	37.900000	0.058434	-0.005494
758	37.950000	0.058087	-0.008356
759	38.000000	0.057599	-0.011175
760	38.050000	0.056971	-0.013946
761	38.100000	0.056205	-0.016661
762	38.150000	0.055306	-0.019314
763	38.200000	0.054275	-0.021900
764	38.250000	0.053117	-0.024411
765	38.300000	0.051835	-0.026843
766	38.350000	0.050434	-0.029190
767	38.400000	0.048918	-0.031447
768	38.450000	0.047291	-0.033609
769	38.500000	0.045558	-0.035671
770	38.550000	0.043726	-0.037628
771	38.600000	0.041797	-0.039477
772	38.650000	0.039780	-0.041215
773	38.700000	0.037678	-0.042836
774	38.750000	0.035498	-0.044339
775	38.800000	0.033246	-0.045720
776	38.850000	0.030928	-0.046977
777	38.900000	0.028550	-0.048107
778	38.950000	0.026120	-0.049110
779	39.000000	0.023642	-0.049982
780	39.050000	0.021123	-0.050724
781	39.100000	0.018571	-0.051333
782	39.150000	0.015992	-0.051811
783	39.200000	0.013393	-0.052156
784	39.250000	0.010779	-0.052368
785	39.300000	0.008158	-0.052448
786	39.350000	0.005536	-0.052397
787	39.400000	0.002920	-0.052216
788	39.450000	0.000317	-0.051907
789	39.500000	-0.002268	-0.051470
790	39.550000	-0.004828	-0.050908
791	39.600000	-0.007357	-0.050224
792	39.650000	-0.009848	-0.049420
793	39.700000	-0.012297	-0.048499
794	39.750000	-0.014696	-0.047464
795	39.800000	-0.017042	-0.046319
796	39.850000	-0.019327	-0.045067
797	39.900000	-0.021546	-0.043711
798	39.950000	-0.023696	-0.042258
799	40.000000	-0.025771	-0.040709
